典型90問

★2
004　包除原理：求めたいものを分解する
010　区間の総和は累積和：S_R - S_(L-1) 後ろ-前で区間の和が出せる
022　ユークリッドの互除法、Pythonの割り算の仕組み
024　パリティ：偶奇性の利用
027　検索では計算量が早くなるからSetを使おうね
033
055
061
067
078

★3
002
007
014
016
018
020
032
038
044
046
048
050
052
064
069
075
076
079
082
084

★4
001
003
008
012
026
028
034
042
043
058
063
070
072
085

★5
006
013
021
029
030
036
037
039
051
056
060
066
068
073
081
086
087

★6
009
011
015
019
031
045
049
054
057
062
074
080
083
088

★7
005
017
023
025
035
040
041
047
053
059
065
071
077
089
090


